DateTime,WaterCol,Epi,Meta,Hypo
2016-04-05T05:00:00Z,9.333133267307916,9.634669722153312,9.363427615420418,8.118031177869083
2016-04-06T05:00:00Z,9.25559389699052,9.636927623418506,9.170643795795655,7.920801271448502
2016-04-20T05:00:00Z,9.831160906235715,10.23818102828082,10.285386505815298,7.514062834102819
2016-05-04T05:00:00Z,8.879417381805492,9.020706871743986,10.449843895913043,5.761378281498954
2016-05-12T05:00:00Z,7.780206069524417,8.376527091617033,9.952093115470436,1.918366060035626
2016-05-19T05:00:00Z,7.947094435814677,9.158919621297784,8.886196120583639,1.725196655327124
2016-05-26T05:00:00Z,7.6090110067167105,9.091831415923028,8.254798674979204,0.8200406038855116
2016-05-29T05:00:00Z,7.7379145457326555,9.20133455363325,8.22690891102031,1.2807147214084889
2016-05-31T05:00:00Z,7.570007192935692,9.179431039357025,7.837036813440849,0.9119963658717767
2016-06-02T05:00:00Z,7.836110451489479,9.603717903586231,7.901261085998714,0.8973167958922751
2016-06-07T05:00:00Z,6.397291705656092,7.751658279724856,6.821202598685428,0.4681904492513187
2016-06-08T05:00:00Z,6.316138973365262,7.481012553281815,7.081172032176865,0.5607940091273456
2016-06-16T05:00:00Z,6.496508182236137,8.101528385943409,6.1695079366217715,0.8283776654240442
2016-06-23T05:00:00Z,6.005551078804081,7.1847173061197545,6.166012380247255,1.1850869302307097
2016-06-26T05:00:00Z,5.91714719528394,7.359281259269826,5.510653445573824,1.0087872584814683
2016-06-28T05:00:00Z,6.328032530383009,6.89132398028252,6.831481034131695,3.3263062353655624
2016-06-30T05:00:00Z,6.647308826572607,8.776138030598725,5.05885395534585,1.020489946954299
2016-07-07T05:00:00Z,5.263985446299937,7.007830730815677,4.113487148351264,0.4079391127622706
2016-07-14T05:00:00Z,5.224047690532893,7.459243904288085,3.0652073114796807,0.12023922818379737
2016-07-21T05:00:00Z,4.553866019912681,6.559516674513118,2.5640733578503734,0.060434814908145944
2016-07-24T05:00:00Z,5.569070777476694,8.37451749315876,2.321174956239595,0.04472686530775674
2016-07-28T05:00:00Z,4.092856916843023,6.261468970161675,1.4296752595871083,0.07238119542767898
2016-08-04T05:00:00Z,4.225130238821963,6.347194492681717,1.5897351573043246,0.3390625863972909
2016-08-11T05:00:00Z,2.6218252548010317,4.343793444840421,0.12449010101833655,0.05609029517987449
2016-08-18T05:00:00Z,3.6697204592967934,5.9030180991306755,0.5928326698842071,0.07676249448444285
2016-08-23T05:00:00Z,3.6500128741828166,5.7017143921686495,0.9864703846054657,0.08200661808544889
2016-09-06T05:00:00Z,4.214763181388868,6.7116745409132195,0.8573095739121483,0.062385240981583844
2016-09-16T05:00:00Z,3.7456589237442435,5.988671208500736,0.6911147363731808,0.07855950381186119
2016-09-17T05:00:00Z,4.487594020094075,6.581104770917613,2.229362647157201,0.09419870340620007
2016-09-27T05:00:00Z,3.8586759838660423,5.409928572455821,2.507236438263194,0.07611937716316516
2016-10-11T05:00:00Z,5.508992932116924,6.159489826862388,6.913030880486359,0.6952824039823213
2016-10-25T05:00:00Z,7.538212904938144,8.010470590424212,7.9801304160726465,4.989118184302502
2016-11-11T05:00:00Z,7.863343186678102,7.663434220477424,8.161279838813362,8.148085066898414
2017-03-17T05:00:00Z,9.553728952715463,9.72805779950424,9.22322300828517,9.421198107769534
2017-04-10T05:00:00Z,7.820083967489161,7.71823969833375,7.863446203935131,8.14271332100356
2017-05-05T05:00:00Z,7.565187228558882,8.962812134973525,8.106785057990257,1.276146153449385
2017-05-10T05:00:00Z,6.590072454608686,8.261320011666923,6.398088202565448,0.44484277411700673
2017-05-25T05:00:00Z,7.389905061020264,9.180807888861326,6.790917596362986,1.4487486715792268
2017-05-30T05:00:00Z,7.11104279036848,9.0734996278839,6.189936094660698,1.0343456019484036
2017-06-01T05:00:00Z,7.336457664273044,9.471099962788392,6.137055699811767,1.0500072713558122
2017-06-08T05:00:00Z,6.728187010031604,9.129657417514265,4.7685547088838085,0.6554526379040597
2017-06-15T05:00:00Z,5.706901776949664,8.646647155370076,2.1773239563257354,0.1247899348584737
2017-06-22T05:00:00Z,6.098936863809059,8.825420329942942,3.1352350855828037,0.41436632930771894
2017-06-29T05:00:00Z,4.10383238673987,6.715241735640915,0.4202830825471846,0.042956955511207665
2017-07-07T05:00:00Z,5.215285347763901,8.472646018357727,0.47144341757440744,0.3941726235850821
2017-07-13T05:00:00Z,2.822695524314209,4.69236743678562,0.09870954578948668,0.057253755618185555
2017-07-20T05:00:00Z,4.635200098792373,7.480916484743239,0.4825637370132817,0.43692642186968134
2017-07-27T05:00:00Z,4.56276440230614,6.554858905978667,2.3924667226777596,0.417348128544786
2017-08-03T05:00:00Z,4.6534530072693485,6.837726655916645,2.1162553461807554,0.36611508239005475
2017-08-10T05:00:00Z,4.719873479408426,6.735890511039444,2.5975260466219163,0.4034632109348407
2017-08-17T05:00:00Z,4.8646986390244615,7.123212490697098,2.2340464404169804,0.44346321093484065
2017-09-05T05:00:00Z,6.08088943363954,8.863191242867774,2.917914894364445,0.5069264218696813
2017-09-19T05:00:00Z,5.857222548253439,8.711120168692633,2.407518406084327,0.4761150823900547
2017-10-03T05:00:00Z,5.036933971305977,8.1421324237162,0.5254200392858293,0.4234632109348407
2017-10-17T05:00:00Z,3.477528901241269,3.4797761459185392,3.4748591391446717,3.473215274418215
2017-11-07T05:00:00Z,6.877506576328167,7.568030786405358,6.462822168683164,4.887656881499274
