DateTime,WaterCol,Epi,Meta,Hypo
2016-04-05T05:00:00Z,10.541032748934665,11.437096502108659,10.479532043907234,7.178319853358327
2016-04-06T05:00:00Z,10.414446320352704,11.429004341354503,10.11361742862245,6.985688054041355
2016-04-20T05:00:00Z,12.755820726246824,14.60729775489953,10.879861182263415,8.671868322937692
2016-05-04T05:00:00Z,15.952831888310556,19.160053274621685,12.68300112119766,8.911486025412989
2016-05-12T05:00:00Z,15.252257026510478,18.306796319645034,12.295475935149788,8.28836235682646
2016-05-19T05:00:00Z,14.439282615243176,16.665461150366607,12.834014192515284,8.463728527952927
2016-05-26T05:00:00Z,15.891109365203658,18.960837635206754,13.233682185016779,8.378246429692526
2016-05-29T05:00:00Z,16.760311688836712,20.34003362930128,13.264382424259157,8.649477588165505
2016-05-31T05:00:00Z,17.181102871029104,21.004115452252915,13.366053776049085,8.652541845880323
2016-06-02T05:00:00Z,17.299933609296737,21.312637910085392,13.111851951823358,8.649108744210446
2016-06-07T05:00:00Z,18.36224053882276,23.176954523020655,12.989972878664572,8.550890734104382
2016-06-08T05:00:00Z,18.187315226838663,22.598734780806524,13.679524174248796,8.518987197750482
2016-06-16T05:00:00Z,19.209103610586073,24.1391407978821,13.900488945909546,8.847764276901717
2016-06-23T05:00:00Z,19.767599683009344,23.962203930892276,16.19381511674283,9.407649780615788
2016-06-26T05:00:00Z,19.67364017043347,24.032875471257793,15.657029438794032,9.40259299831677
2016-06-28T05:00:00Z,21.0603725892974,24.79489814803447,18.977466823587093,10.03704841886506
2016-06-30T05:00:00Z,20.00367804456985,24.68351894816022,15.489662495129785,9.308051219492869
2016-07-07T05:00:00Z,20.080306193620505,24.63490271449734,15.962748413474829,9.219479488451183
2016-07-14T05:00:00Z,20.81175782961353,25.746506037144385,16.133729140159723,9.39948114754448
2016-07-21T05:00:00Z,21.504981606902664,26.754680879184072,16.47867149231821,9.44575739913046
2016-07-24T05:00:00Z,22.08226186228096,27.72628722930963,16.513320294915854,9.387585067998817
2016-07-28T05:00:00Z,22.439463082550624,28.318797684894378,16.513193447141425,9.420483524377095
2016-08-04T05:00:00Z,22.794617339290365,26.329004341354505,21.57039013580251,11.138579576599337
2016-08-11T05:00:00Z,21.573688765087475,26.47233805408458,17.35641773757186,9.546344514838596
2016-08-18T05:00:00Z,21.635242404568825,26.633271924311003,17.201574091128357,9.578177108049987
2016-08-23T05:00:00Z,21.252495360494873,25.73467498977108,17.70966542374026,9.730323860899803
2016-09-06T05:00:00Z,20.713075374008746,24.734212362004172,17.91027650558074,9.76093999702916
2016-09-16T05:00:00Z,20.59939325669823,24.444681802331033,18.12180536607057,9.79433392896154
2016-09-17T05:00:00Z,20.758098484288325,24.270527949154282,19.12736784507098,9.852672395867364
2016-09-27T05:00:00Z,19.493738590712333,22.444838586379905,18.38114679676344,9.909372937627662
2016-10-11T05:00:00Z,16.470032283922833,17.313642479873653,17.335011891307417,11.792738048692788
2016-10-25T05:00:00Z,14.61478929208629,14.9,14.841070377840687,13.141815889270832
2016-11-11T05:00:00Z,12.816325388353262,12.848757086672652,12.770082837101528,12.766704253542072
2017-03-17T05:00:00Z,5.652785658925981,5.768837976576653,5.523657507566598,5.415701115684948
2017-04-10T05:00:00Z,11.862628076665965,12.75812444369098,11.17780958354956,9.522933384122082
2017-05-05T05:00:00Z,14.349452935724766,16.709699869289295,12.011427911759998,9.055758554748637
2017-05-10T05:00:00Z,13.695796659253771,15.599920910607581,12.06022131425527,9.014670050572745
2017-05-25T05:00:00Z,17.000245358970197,19.240293847680473,15.842973193715437,10.237385476145956
2017-05-30T05:00:00Z,18.34285834353205,21.54676891590176,15.692015784589534,10.30057483663421
2017-06-01T05:00:00Z,18.504101456327387,21.847955346067977,15.564574837748355,10.393699969476286
2017-06-08T05:00:00Z,17.937789876976463,20.985486851897793,15.500780739990457,10.149096673874098
2017-06-15T05:00:00Z,18.125144279793044,22.315360973330954,13.43719030396284,9.606859737381978
2017-06-22T05:00:00Z,20.566230530284038,24.985038576035723,16.46879264869042,10.19729777240816
2017-06-29T05:00:00Z,17.826849226280178,22.149453694691317,12.753065157720123,9.428748927609547
2017-07-07T05:00:00Z,20.743129137852222,25.964072314562145,14.984860318677747,9.993801448837623
2017-07-13T05:00:00Z,18.291225207376332,23.56516335777276,11.354464271903188,9.267113049255956
2017-07-20T05:00:00Z,21.108438933042358,27.34203510295212,13.245910848685154,9.89124512779208
2017-07-27T05:00:00Z,20.397929415060677,25.783658893574795,14.081447252480247,9.925877237140487
2017-08-03T05:00:00Z,19.8305362803934,24.830760481270158,14.140864288244403,9.821980909095268
2017-08-10T05:00:00Z,19.649543859390434,24.128758248573554,14.992638444491933,9.96338640624026
2017-08-17T05:00:00Z,21.678010292101035,27.087338625651203,16.01535016203209,10.043961818190535
2017-08-24T05:00:00Z,18.769261497983475,23.90087162324879,12.304708307928301,9.521922680836969
2017-09-05T05:00:00Z,18.867319777643434,21.800911436368146,16.97625344336488,10.625556498434662
2017-09-19T05:00:00Z,18.70980012975715,21.836004713470604,16.144289356818962,10.8281128194802
2017-10-03T05:00:00Z,17.369476179241808,19.609738526420244,16.136499228627716,10.729773565185706
2017-10-17T05:00:00Z,16.2261402368372,18.767570569730665,13.889798142211074,10.229385924620276
2017-11-07T05:00:00Z,12.392019640513722,12.595440585462663,12.21493359172597,11.895782933248954
