DateTime,WaterCol,Epi,Meta,Hypo
2016-04-06T05:00:00Z,0.02357060146953214,0.03185179317776234,0.014503045000000001,0.0064126219184729195
2016-04-20T05:00:00Z,0.07185072417367479,0.10446140700000002,0.022509018,0.02661335831886413
2016-05-04T05:00:00Z,0.16870266760603517,0.20334137899600102,0.126494245,0.10394425639508394
2016-05-12T05:00:00Z,0.43565951124854685,0.305134548033421,0.186477823,1.3482519375388122
2016-05-19T05:00:00Z,0.5309510488166641,0.23022199323968245,0.19500618699999997,2.243504893404011
2016-05-26T05:00:00Z,3.149290064111345,0.27711931241807986,0.23503534000000004,19.023461534747796
2016-05-29T05:00:00Z,2.0345286807414116,0.31016680047606054,0.086489272,11.889831233977725
2016-05-31T05:00:00Z,3.7705315830599537,0.2640193633370876,0.078492099,23.370337640447595
2016-06-02T05:00:00Z,2.8154912764793028,0.44324012365611515,0.081489893,16.462184973418147
2016-06-09T05:00:00Z,3.352546541182965,0.2541619993735947,0.149639112,20.573806351559682
2016-06-23T05:00:00Z,2.9126747152559007,1.0991341038777376,0.666088886,13.601605699291177
2016-06-26T05:00:00Z,2.6519030067198206,1.3693111972173357,0.902118355,10.475003883902987
2016-06-28T05:00:00Z,9.821451001616975,4.262337092046381,22.94639345,9.813254753975151
2016-06-30T05:00:00Z,7.202594956248281,1.2188204128787796,0.4463046990000001,41.395838983509854
2016-07-07T05:00:00Z,21.59591088195188,0.8546042593625899,0.9007832580000001,135.65748072937723
2016-07-14T05:00:00Z,20.291904981965214,0.9339474866432748,0.22312281099999998,127.98081841870248
2016-07-21T05:00:00Z,22.024181618745427,1.0391401841089158,0.39177619100000005,138.56283310817332
2016-07-24T05:00:00Z,28.63944695535846,1.2487323181969137,0.518685846,180.563246413005
2016-07-27T05:00:00Z,21.854216986409554,1.511129279345056,0.42271219399999993,135.5825906878383
2016-08-05T05:00:00Z,36.230188652309415,1.6806613659138974,0.887108943,227.6521761962969
2016-08-11T05:00:00Z,52.845707410404565,0.4472795643268966,0.457662094,341.1716643362334
2016-08-18T05:00:00Z,31.130030090032474,0.594196293276765,0.301104953,199.64547111692184
2016-08-23T05:00:00Z,29.3118032470965,0.8820093828281418,0.429225302,186.49946442831708
2016-09-06T05:00:00Z,53.27209085912589,0.7099832834230414,0.557968684,342.7647222514026
2016-09-16T05:00:00Z,72.65565906588218,1.059360578961538,2.736729324,463.89538042618165
2016-09-17T05:00:00Z,74.46474293006433,0.9914305545013843,2.385248349,476.4978509627991
2016-09-27T05:00:00Z,62.46361657062456,0.4333340544572166,6.520560857,393.84042295880255
2016-10-11T05:00:00Z,43.427931680335185,3.349010538225592,3.327316844,264.013489100455
2016-10-25T05:00:00Z,41.0716849915334,6.3295840986678344,5.702148494,233.2813303468109
2016-11-11T05:00:00Z,15.382657822327873,15.698184913245447,14.69159601,15.294864990438294
2017-03-17T05:00:00Z,0.04093511834911824,0.042374898,0.036893479,0.04198923931640945
2017-05-10T05:00:00Z,0.1845373229123004,0.14220263150733814,0.04334162,0.5794080883694585
2017-05-18T05:00:00Z,2.492129995457234,0.238369861204386,0.063593123,15.180568478968025
2017-06-09T05:00:00Z,6.6663351773339565,0.2733913290814984,0.131909543,42.077732153683556
2017-06-16T05:00:00Z,8.336102440896587,0.18025347188206403,0.087706037,53.368437130989065
2017-06-22T05:00:00Z,7.36673112827529,0.18191587775668566,0.147075232,46.961062776315345
2017-06-30T05:00:00Z,12.466568139749368,0.25039549250111637,4.513636621,72.70883297731754
2017-07-07T05:00:00Z,10.564177231508332,0.5269451960926916,1.288409915,64.55092246
2017-07-28T05:00:00Z,20.609837721826235,0.6656775061859588,10.47161385,114.3009654
2017-08-03T05:00:00Z,23.954915890868445,0.1519837501958323,24.39432284,115.2375491
2017-08-10T05:00:00Z,35.006023490920064,0.19892035956846438,40.79771784,160.0560019
2017-09-05T05:00:00Z,27.240933875931503,0.08246849808841478,19.3553571,145.1273182
2017-09-19T05:00:00Z,42.67874990577842,0.12353319961309847,31.49342505,225.4802107
2017-10-03T05:00:00Z,22.268711789855995,0.14715398103643762,36.38341995,84.65612825
2017-10-23T05:00:00Z,0.057058282292309685,0.063164155,0.028868202999999995,0.079625766
