DateTime,WaterCol,Epi,Meta,Hypo
2016-01-11T05:00:00Z,14.82458381058021,14.80857154592407,14.888310898365335,14.534560542730407
2016-02-05T05:00:00Z,24.1314081432962,19.016336109237905,34.43338186748489,38.547925760351305
2016-03-30T05:00:00Z,27.49199239931762,31.84199008826218,14.087714026340798,64.66934900343306
2016-04-11T05:00:00Z,14.17633662763785,12.42882865684592,15.635558889179714,41.03859042181663
2016-04-18T05:00:00Z,12.81312844567385,11.115748968892097,13.332754791032515,48.46330486770013
2016-04-25T05:00:00Z,12.992587532711998,10.877756870443664,15.215455306280491,40.636265655069856
2016-05-02T05:00:00Z,12.965032699451541,10.960388013123065,13.928192990379276,51.34781130545542
2016-05-09T05:00:00Z,19.90517993076723,13.500849838441063,29.537774895281654,72.72950288043704
2016-05-16T05:00:00Z,26.501317909864895,13.80719219126701,51.97972078953457,63.217057869699104
2016-05-23T05:00:00Z,17.76211545802153,10.258432813823331,29.38828401837559,76.03336749917412
2016-05-30T05:00:00Z,21.82703090383938,13.137040759582659,32.33206313868512,120.81824536571912
2016-05-31T05:00:00Z,27.57695693564428,16.29509435454595,45.27209707289805,112.89836626455156
2016-06-02T05:00:00Z,18.58860897752585,12.60541305924364,25.565349576018278,89.47283674436193
2016-06-06T05:00:00Z,16.880756943885515,6.103436674657628,33.85885472377753,97.59524218431616
2016-06-13T05:00:00Z,16.74230841288413,7.473614402169825,25.3427703034803,150.05292061840987
2016-06-20T05:00:00Z,17.261781977673614,10.22475567341988,27.123142779071156,83.0012043115113
2016-06-27T05:00:00Z,20.415898646486742,11.564081194132601,34.031709538028885,90.21203567240853
2016-06-28T05:00:00Z,27.83009403407775,18.063105548757516,42.68979921353017,106.58651000920055
2016-06-30T05:00:00Z,24.543778026520346,15.838805380752932,38.08043264465956,91.61988309943777
2016-07-05T05:00:00Z,23.28244355323038,14.58834393702811,33.89567476170348,121.22133637259168
2016-07-11T05:00:00Z,26.369012674743168,10.68089782728235,53.3950647896589,119.24834134954683
2016-07-18T05:00:00Z,33.86089426352667,9.371883711112623,80.05420341155471,136.1928988695003
2016-07-24T05:00:00Z,35.07630799513394,21.33045521584047,54.65168043488259,160.1610514574838
2016-07-27T05:00:00Z,44.104542334952654,29.35816690810379,65.53276619172358,173.7366594539684
2016-08-01T05:00:00Z,26.757743645714225,13.79629564853143,46.303005073823655,133.13140743178062
2016-08-08T05:00:00Z,25.88204859758015,12.042378919145879,50.350169846728235,101.14841816095475
2016-08-15T05:00:00Z,23.81705831781609,13.018545895269124,39.24003098304064,121.60361906322387
2016-08-26T05:00:00Z,29.509463946146813,10.42395903425185,47.99391465412049,295.7633071374142
2016-09-02T05:00:00Z,32.229480962764974,10.633985228045995,61.751177224682074,241.8651927154535
2016-09-09T05:00:00Z,30.52272252069591,10.288353919368282,50.58187585136895,307.884611684025
2016-09-20T05:00:00Z,35.24616775521747,22.844837767331907,39.389402848483826,292.02007536981495
2016-09-30T05:00:00Z,36.857688181118064,20.500763817939983,50.74145117849552,285.89408585872934
2016-10-14T05:00:00Z,21.848039059617886,20.43174202298959,24.65945074305037,26.277082235332557
2016-11-05T05:00:00Z,16.274135062787934,11.920100155700077,25.864678321287467,19.800751993602642
2016-12-02T05:00:00Z,14.396373757215365,14.402951123753004,14.293115165001813,15.33621614596049
2017-02-07T05:00:00Z,15.977695262335386,15.336934739044533,17.47294702778723,15.603787258672774
2017-02-27T05:00:00Z,15.811899789006937,15.679740361207939,15.490714438298099,22.438188016005803
2017-03-13T05:00:00Z,15.596678300977871,15.83939978444481,14.384445227943898,22.614651149118387
2017-03-27T05:00:00Z,22.536178497056802,9.743349376709954,12.73750282097863,16.9115533
2017-04-17T05:00:00Z,18.64411112270573,14.904456529899381,25.76746343385866,33.533225715316455
2017-04-24T05:00:00Z,19.24052903976068,17.309053695878145,21.964680401836933,37.09821295075261
2017-05-05T05:00:00Z,21.620848041705745,17.023861910579704,28.94008237439145,55.225417964581446
2017-05-08T05:00:00Z,30.267325403477,20.528537758133858,49.101578487656745,66.02127248469421
2017-05-15T05:00:00Z,29.756620911248795,19.75595249921417,35.05542848817713,215.98055511367792
2017-05-22T05:00:00Z,34.850423615076004,16.687098116810567,75.07816817018299,47.2222271808554
2017-05-29T05:00:00Z,40.38967411146895,18.892551758443894,84.85849831966883,88.49188853935016
2017-06-05T05:00:00Z,30.59463852863993,22.275016091333853,42.20664046704967,108.81352855276607
2017-06-12T05:00:00Z,63.68788494740578,21.82603245780063,154.09524152426897,116.76912266787731
2017-06-20T05:00:00Z,24.322589582544108,8.825305593369611,54.978307109219045,73.92569695380011
2017-06-26T05:00:00Z,29.999563554407274,11.099237091088566,60.27035140778058,166.2677145214203
2017-07-06T05:00:00Z,26.774055676414914,4.7819543890020055,70.87193912190793,90.83525562704509
2017-07-10T05:00:00Z,32.08500278304062,4.269737377,78.03724147180624,217.68727181975453
2017-07-17T05:00:00Z,44.00192173637061,25.41622215929911,67.67551711383075,242.87876760476902
2017-07-24T05:00:00Z,33.52764896536909,4.990024205859046,80.82384095051917,222.3467295602477
2017-07-31T05:00:00Z,44.3560843866954,10.385649962681692,103.27623435257343,241.2252398682719
2017-08-07T05:00:00Z,76.18801525747554,20.828529579761792,171.53240542151275,404.19048206001173
2017-08-22T05:00:00Z,62.294296789220105,9.375570443288794,153.8941898205884,370.94647579596585
2017-08-28T05:00:00Z,54.109233343202895,12.41722940210503,111.70183242144172,452.45840505918596
2017-09-04T05:00:00Z,50.5931807781171,13.941781622161482,96.48926269407127,451.1807385598934
2017-09-11T05:00:00Z,61.14038809083242,22.711269257199827,106.27198396801619,512.9997252525714
2017-09-18T05:00:00Z,37.34233074795124,8.846231228733416,57.70860519116307,511.8850837804312
2017-09-25T05:00:00Z,76.27673358558516,9.98573264638792,189.17890943651722,482.5627365289528
2017-10-02T05:00:00Z,163.46316370307972,181.40490006448385,85.80521223287636,554.9987018472773
2017-10-09T05:00:00Z,77.59954594426735,10.761476589216445,205.67077863276864,335.64918677142145
2017-10-16T05:00:00Z,65.94257921498894,7.163603468093106,156.85447117398814,524.1048677599018
2017-10-23T05:00:00Z,23.053441863808956,23.85181843850907,23.969599487359233,689.6541938703538
2017-12-12T05:00:00Z,22.532064152465654,22.910630152185337,22.211163382818317,16.76380765291279
