DateTime,WaterCol,Epi,Meta,Hypo
2016-01-11T05:00:00Z,0.09139309075210239,0.08896690742270592,0.09684876275690656,0.09217031775904364
2016-02-05T05:00:00Z,0.2181507568159282,0.2183051717043022,0.21420895871498646,0.2563738003341162
2016-03-30T05:00:00Z,0.1257921135843184,0.11543114371695232,0.152305635259497,0.09487825069759517
2016-04-11T05:00:00Z,0.07795314981226337,0.0724092603856911,0.09282166791727618,0.05415246828578054
2016-04-18T05:00:00Z,0.1473530102201698,0.14614629781028352,0.1577301200466884,0.06614265648587377
2016-04-25T05:00:00Z,0.060894691831539276,0.05613533092067992,0.07421742937322924,0.03451773218644466
2016-05-02T05:00:00Z,0.1365847978637641,0.14573440608908747,0.12554319569439054,0.03215509105361419
2016-05-09T05:00:00Z,0.16893868335841963,0.20472824859222483,0.09842505488316533,0.05137208790000914
2016-05-16T05:00:00Z,0.18932078869286323,0.21614997115703827,0.14115919525381448,0.051167117410127486
2016-05-23T05:00:00Z,0.21498572346890685,0.24384208207782743,0.1653674411140364,0.04315735463790272
2016-05-30T05:00:00Z,0.3381602092553705,0.4203722452622945,0.17540415264226192,0.07639860242708035
2016-05-31T05:00:00Z,0.3039533788136624,0.3565282418377985,0.20452483848807024,0.08699824495448691
2016-06-02T05:00:00Z,0.5003084143556146,0.6353440113160373,0.22789932169602095,0.12442099722593171
2016-06-06T05:00:00Z,0.35499571685320724,0.45131401655269476,0.16206924539490736,0.07221357075286676
2016-06-13T05:00:00Z,0.25347248101805253,0.29745125101406655,0.1732904582836604,0.04015707075996346
2016-06-20T05:00:00Z,0.45647245730640407,0.5902543806640588,0.18475431406872034,0.10364563901692984
2016-06-27T05:00:00Z,0.5311216974981505,0.7461694652038082,0.08127224063224196,0.10319544836661886
2016-06-28T05:00:00Z,0.5374487276250183,0.6691954975980836,0.2721365873454095,0.1657932741207536
2016-06-30T05:00:00Z,0.3690443577775992,0.4710052853347786,0.1643580858431176,0.0745677640159472
2016-07-05T05:00:00Z,0.36323188261785483,0.4266781976906808,0.24702575995560233,0.06114343393317269
2016-07-11T05:00:00Z,0.48615354330193317,0.6246346371479814,0.21049693165282451,0.061246836336656355
2016-07-18T05:00:00Z,0.748946137288384,0.8706184869419142,0.48198866748172037,0.6392404100687923
2016-07-24T05:00:00Z,0.9038692133658514,1.0296928662489109,0.6806307038873937,0.2279528486072185
2016-07-27T05:00:00Z,0.5125936411827687,0.6102146351443616,0.3355898447628035,0.028671118028780106
2016-08-01T05:00:00Z,0.5246392775717652,0.6470530940814548,0.27100313286611144,0.2551073754494436
2016-08-08T05:00:00Z,0.820132182771196,0.6188199853754189,1.1392681918802037,2.3065447141608018
2016-08-15T05:00:00Z,2.33825166443122,0.6157302274268723,5.388302831925322,11.656219171778819
2016-08-26T05:00:00Z,2.6416007417176046,0.773825026682156,7.134479913539471,0.12157415272298554
2016-09-02T05:00:00Z,5.647167550609315,0.6404534243817456,16.13593542564895,15.445787910484144
2016-09-09T05:00:00Z,6.013314598293345,0.6328279591452607,18.820390343872674,0.1968764141183809
2016-09-20T05:00:00Z,4.216677914464788,0.5419094513579631,12.369276286158057,6.572785901336783
2016-09-30T05:00:00Z,2.893684483719287,0.3770600310546403,8.875107881364995,0.2674080634801791
2016-10-14T05:00:00Z,0.21490857950747272,0.1857510987839412,0.28409832724715356,0.1856594865189736
2016-11-05T05:00:00Z,0.33628206880088274,0.38809435495814315,0.23744900349959921,0.13148880722166556
2016-12-02T05:00:00Z,0.22852102712945996,0.23600967147754892,0.21917392616500522,0.14634870357280383
2017-02-07T05:00:00Z,0.08537148117195503,0.0838590604797844,0.08859532832896796,0.08774140352016507
2017-02-27T05:00:00Z,0.09307752376593299,0.09555187484366581,0.08878816702590188,0.07871350284224254
2017-03-13T05:00:00Z,0.08136723194841376,0.07931162178809999,0.08390548728246977,0.1042160389745922
2017-03-27T05:00:00Z,0.0927516074889685,0.09112689917778588,0.08943808560332478,0.096619341
2017-04-17T05:00:00Z,0.15695902366992734,0.16858173574153654,0.13725618477305213,0.08474431872252344
2017-04-24T05:00:00Z,0.23136943020697212,0.2514715876103746,0.19674730326786158,0.11227182062693045
2017-05-05T05:00:00Z,0.23362556340014848,0.26087323286051434,0.18402827534543828,0.10060460511401882
2017-05-08T05:00:00Z,0.22560956374653016,0.2381964739145268,0.21025366541749047,0.0837177048175874
2017-05-15T05:00:00Z,0.18223173259387535,0.19528196061008798,0.16298654457213438,0.07050906221738597
2017-05-22T05:00:00Z,0.2674400779006577,0.34014737120706073,0.1150366561244791,0.12606030402314322
2017-05-29T05:00:00Z,0.17502534619509605,0.22592209679284306,0.0690947985125363,0.06801443157837084
2017-06-05T05:00:00Z,0.18364292615993477,0.22993381198216037,0.08891241548812356,0.06913189088880037
2017-06-12T05:00:00Z,0.17193415071647963,0.211823435464284,0.09041453611826226,0.07208194402064447
2017-06-20T05:00:00Z,0.26304032956472756,0.3316874210290022,0.12077371134783821,0.11224182263930023
2017-06-26T05:00:00Z,0.22868369299534896,0.2713750317149178,0.1327278636625567,0.21455329199827333
2017-07-06T05:00:00Z,0.23323151821826357,0.2837295894663913,0.1265178752484877,0.14423145010363062
2017-07-10T05:00:00Z,0.24124785033376828,0.305171252531528,0.11076002660289433,0.0796457381839902
2017-07-17T05:00:00Z,0.11784184071235185,0.14945879413811902,0.05595147979954735,0.009698954625556434
2017-07-24T05:00:00Z,0.23462294128693803,0.3037267946977795,0.08625767385962653,0.13767642178082307
2017-07-31T05:00:00Z,0.47806170495309713,0.3047925772360646,0.8776050161831124,0.42795563966414923
2017-08-07T05:00:00Z,0.5888222690681826,0.27842228076794395,1.3413027772164172,0.10803242066359527
2017-08-22T05:00:00Z,0.3482318523327818,0.21329271724198584,0.6750791001648563,0.14215893918295489
2017-08-28T05:00:00Z,0.13369031641026885,0.15157025595610538,0.10318368664971281,0.02469046289365751
2017-09-04T05:00:00Z,0.13402610534613163,0.10376495209771408,0.21219232707929467,0.03597964952617823
2017-09-11T05:00:00Z,0.23085467252882177,0.04236303139483809,0.6801002529710255,0.020890531387185305
2017-09-18T05:00:00Z,0.10755175664250538,0.10177270978132458,0.12831415141034525,0.026702668099551456
2017-09-25T05:00:00Z,0.08089198129952181,0.11101704999127035,0.018986394168629312,0.00910818081430008
2017-10-02T05:00:00Z,0.1413979420128942,0.10202053704956815,0.24066973983961257,0.03981762739145771
2017-10-09T05:00:00Z,0.1395114453998494,0.11535869696811595,0.1966995140031061,0.11662025174234922
2017-10-16T05:00:00Z,0.14449231322608966,0.14622163163165539,0.14958898763849832,0.048268720589286364
2017-10-23T05:00:00Z,0.092725486145956465,0.06344392213481724,0.09032645329594029,0.0399965635468434
2017-12-12T05:00:00Z,0.0927478918139987,0.09362328120425575,0.09040202026931612,0.09648591153374678
